""	"lgA£¨ng/ml£©"	"lgG£¨ug/ml£©"	"lgM(ug/ml£©"	"IL-10(ng/L)"	"TNF-¦Á(ng/L)"	"IGF-1(ng/mL)"	"GH(ug/L£©"	"COR(ug/L)"	"INS£¨mU/L)"	"GLU(mmol/L)"	"LEP(ng/mL)"	"FFA£¨umol/L)"	"QUICKI"	"HOMA-IR"	"TC£¨mmol/L)"	"TG£¨mmol/L)"	"LDL£¨mmol/L)"	"HDL£¨mmol/L)"
"lgA£¨ng/ml£©"	1	0.672898539534268	0.742400164405403	0.845737434194856	-0.863066264314059	0.756331511531112	0.823263948272251	0.805723860072557	0.798296345544782	0.309626882122883	0.40839275394004	-0.342084418802634	-0.687054317578772	0.706189650358892	0.341301461516408	-0.085536398282734	-0.343422865559411	0.111953215800239
"lgG£¨ug/ml£©"	0.672898539534268	1	0.786259406274063	0.78508823254128	-0.738642744681952	0.768428755150265	0.748255858270484	0.646315754801767	0.823270415220962	0.124970511373913	0.396873363842346	-0.425737838000846	-0.535078771445167	0.621953103482043	0.332095216626948	-0.0924235653055316	-0.314061977833092	0.0361936288769596
"lgM(ug/ml£©"	0.742400164405403	0.786259406274063	1	0.923124863995377	-0.778702149966406	0.890480292676341	0.903501303824514	0.833630653439218	0.899681699385115	0.263234969077465	0.478049605292688	-0.403880280326755	-0.650944589820837	0.771594074835136	0.322469633597899	0.0764723925076004	-0.287515014577223	0.0836509238360104
"IL-10(ng/L)"	0.845737434194856	0.78508823254128	0.923124863995377	1	-0.87332402772551	0.919538145459586	0.932256616915492	0.88762065408545	0.944411468685663	0.366213303350125	0.499938594590019	-0.412520666916589	-0.765276428087964	0.851003216097246	0.316632472026769	-0.00249323584444255	-0.407098080610909	0.0331944092241405
"TNF-¦Á(ng/L)"	-0.863066264314059	-0.738642744681952	-0.778702149966406	-0.87332402772551	1	-0.78122106254434	-0.87095157101981	-0.862872433462939	-0.815594011732526	-0.344826735451376	-0.523640812391961	0.358799482687483	0.694560987109852	-0.754809142983348	-0.454163446964732	-0.00402313878040172	0.432052704467346	-0.0647340479973527
"IGF-1(ng/mL)"	0.756331511531112	0.768428755150265	0.890480292676341	0.919538145459586	-0.78122106254434	1	0.896611354725728	0.805038938510981	0.944998710055531	0.293564590429324	0.57855795754343	-0.478352943406665	-0.692399104483522	0.812231684290034	0.262114582350666	0.0511311887976726	-0.415347811549695	-0.0511612471738882
"GH(ug/L£©"	0.823263948272251	0.748255858270484	0.903501303824514	0.932256616915492	-0.87095157101981	0.896611354725728	1	0.888983929871886	0.898216971163324	0.30015703674434	0.586476512932986	-0.399022390935281	-0.68715427560953	0.790281001775249	0.348040251294708	0.136167863644249	-0.351207490949914	0.100312489647452
"COR(ug/L)"	0.805723860072557	0.646315754801767	0.833630653439218	0.88762065408545	-0.862872433462939	0.805038938510981	0.888983929871886	1	0.848246652227234	0.376890459274909	0.479984951330314	-0.384363068377871	-0.74232770778171	0.783089687694172	0.44197241603081	0.137786635858778	-0.294788679683619	0.0669169351098543
"INS£¨mU/L)"	0.798296345544782	0.823270415220962	0.899681699385115	0.944411468685663	-0.815594011732526	0.944998710055531	0.898216971163324	0.848246652227234	1	0.28113837727144	0.547703450435904	-0.405399251219916	-0.729549438355699	0.833688830757362	0.371446889264632	-0.0229823496688403	-0.438110204103291	0.00346595389599516
"GLU(mmol/L)"	0.309626882122883	0.124970511373913	0.263234969077465	0.366213303350125	-0.344826735451376	0.293564590429324	0.30015703674434	0.376890459274909	0.28113837727144	1	0.240486666561913	0.198249180806852	-0.815653097834725	0.748677900192561	0.153715936689662	-0.123581280699925	-0.0403199913312675	0.102947125472114
"LEP(ng/mL)"	0.40839275394004	0.396873363842346	0.478049605292688	0.499938594590019	-0.523640812391961	0.57855795754343	0.586476512932986	0.479984951330314	0.547703450435904	0.240486666561913	1	-0.0409941490918012	-0.413505025759284	0.543104826623632	0.333158726184682	0.0502471610451647	-0.248892792936128	0.0202573249940143
"FFA£¨umol/L)"	-0.342084418802634	-0.425737838000846	-0.403880280326755	-0.412520666916589	0.358799482687483	-0.478352943406665	-0.399022390935281	-0.384363068377871	-0.405399251219916	0.198249180806852	-0.0409941490918012	1	0.0795036243183631	-0.159493863979074	0.127644447928746	-0.0844236660427063	0.0420522860405804	0.294401619113622
"QUICKI"	-0.687054317578772	-0.535078771445167	-0.650944589820837	-0.765276428087964	0.694560987109852	-0.692399104483522	-0.68715427560953	-0.74232770778171	-0.729549438355699	-0.815653097834725	-0.413505025759284	0.0795036243183631	1	-0.926587917666203	-0.299441659183383	0.0411508929716122	0.266117712176362	-0.061604170185923
"HOMA-IR"	0.706189650358892	0.621953103482043	0.771594074835136	0.851003216097246	-0.754809142983348	0.812231684290034	0.790281001775249	0.783089687694172	0.833688830757362	0.748677900192561	0.543104826623632	-0.159493863979074	-0.926587917666203	1	0.339713992490244	-0.101434206629993	-0.357055414135736	0.086153693534278
"TC£¨mmol/L)"	0.341301461516408	0.332095216626948	0.322469633597899	0.316632472026769	-0.454163446964732	0.262114582350666	0.348040251294708	0.44197241603081	0.371446889264632	0.153715936689662	0.333158726184682	0.127644447928746	-0.299441659183383	0.339713992490244	1	-0.0824877608288666	-0.228174461394487	0.0223792756458197
"TG£¨mmol/L)"	-0.085536398282734	-0.0924235653055316	0.0764723925076004	-0.00249323584444255	-0.00402313878040172	0.0511311887976726	0.136167863644249	0.137786635858778	-0.0229823496688403	-0.123581280699925	0.0502471610451647	-0.0844236660427063	0.0411508929716122	-0.101434206629993	-0.0824877608288666	1	-0.00496623369205908	-0.158522101733302
"LDL£¨mmol/L)"	-0.343422865559411	-0.314061977833092	-0.287515014577223	-0.407098080610909	0.432052704467346	-0.415347811549695	-0.351207490949914	-0.294788679683619	-0.438110204103291	-0.0403199913312675	-0.248892792936128	0.0420522860405804	0.266117712176362	-0.357055414135736	-0.228174461394487	-0.00496623369205908	1	0.0972788904387865
"HDL£¨mmol/L)"	0.111953215800239	0.0361936288769596	0.0836509238360104	0.0331944092241405	-0.0647340479973527	-0.0511612471738882	0.100312489647452	0.0669169351098543	0.00346595389599516	0.102947125472114	0.0202573249940143	0.294401619113622	-0.061604170185923	0.086153693534278	0.0223792756458197	-0.158522101733302	0.0972788904387865	1
