""	"lgA£¨ng/ml£©"	"lgG£¨ug/ml£©"	"lgM(ug/ml£©"	"IL-10(ng/L)"	"TNF-¦Á(ng/L)"	"IGF-1(ng/mL)"	"GH(ug/L£©"	"COR(ug/L)"	"INS£¨mU/L)"	"GLU(mmol/L)"	"LEP(ng/mL)"	"FFA£¨umol/L)"	"QUICKI"	"HOMA-IR"	"TC£¨mmol/L)"	"TG£¨mmol/L)"	"LDL£¨mmol/L)"	"HDL£¨mmol/L)"
"lgA£¨ng/ml£©"	0	1.96715387394436e-06	4.16752172552443e-08	6.48499968336265e-12	7.89836928831298e-13	1.65729253058238e-08	6.98147106490336e-11	3.57816036979198e-10	6.80719608128805e-10	0.0518674552477974	0.00889214707597609	0.0307277021248582	9.77540359862874e-07	3.56232466978943e-07	0.031137136486325	0.599730095203606	0.0300380624471724	0.491598344821099
"lgG£¨ug/ml£©"	1.96715387394436e-06	0	1.82788196030337e-09	2.00551118022849e-09	5.29145269279895e-08	7.07157165034141e-09	2.84901022358025e-08	6.63963468114533e-06	6.97703814655361e-11	0.442285606820161	0.011227293977638	0.00616451107304658	0.000374599499497372	1.8352578377027e-05	0.0362973392535923	0.570565657703304	0.0484306323925935	0.824529948391229
"lgM(ug/ml£©"	4.16752172552443e-08	1.82788196030337e-09	0	2.33421268251784e-17	3.29269926252449e-09	1.45210733254128e-14	1.47322465890505e-15	2.4371796571116e-11	2.97673318441122e-15	0.10076815863846	0.0018095032644107	0.00975182227289123	5.41784590692061e-06	5.61123695836617e-09	0.0424200000733074	0.639066030554349	0.0720280255019183	0.607825740481997
"IL-10(ng/L)"	6.48499968336265e-12	2.00551118022849e-09	2.33421268251784e-17	0	1.97484749641008e-13	5.37784479402946e-17	2.28948049325774e-18	2.30945207580426e-14	5.9486409913397e-20	0.0201212945029577	0.00102082552408361	0.00816345769948109	8.87172416198696e-09	3.51812963573028e-12	0.0465242987020379	0.987817900204436	0.00913188056044402	0.838870388458645
"TNF-¦Á(ng/L)"	7.89836928831298e-13	5.29145269279895e-08	3.29269926252449e-09	1.97484749641008e-13	0	2.71313917309571e-09	2.74975682250906e-13	8.09919950690753e-13	1.45709463997328e-10	0.0293284822124989	0.000525380705702289	0.022991062190135	6.63965509888965e-07	1.83840537435619e-08	0.00324259854011838	0.98034387848843	0.00536937390974608	0.691479361021802
"IGF-1(ng/mL)"	1.65729253058238e-08	7.07157165034141e-09	1.45210733254128e-14	5.37784479402946e-17	2.71313917309571e-09	0	5.13509591385239e-15	3.80112147873159e-10	4.88675166167419e-20	0.0659837340919183	9.21149947340501e-05	0.00179566246314039	7.43085279887849e-07	1.99047648508322e-10	0.102279821739794	0.754027968124896	0.0076945136793029	0.753887859730975
"GH(ug/L£©"	6.98147106490336e-11	2.84901022358025e-08	1.47322465890505e-15	2.28948049325774e-18	2.74975682250906e-13	5.13509591385239e-15	4.91536390646422e-299	1.85407950792746e-14	3.86944833475e-15	0.0598614058737373	6.98099047030488e-05	0.010755787732723	9.72591096075261e-07	1.32348923425824e-09	0.0277562100200343	0.40214024842659	0.0262754799066741	0.537979885569497
"COR(ug/L)"	3.57816036979198e-10	6.63963468114533e-06	2.4371796571116e-11	2.30945207580426e-14	8.09919950690753e-13	3.80112147873159e-10	1.85407950792746e-14	0	4.85955094938137e-12	0.0165197939665324	0.00172278696606156	0.0143362259603711	4.18691597205289e-08	2.346305998568e-09	0.00429958696044986	0.396515637759466	0.064810990716111	0.681615256058478
"INS£¨mU/L)"	6.80719608128805e-10	6.97703814655361e-11	2.97673318441122e-15	5.9486409913397e-20	1.45709463997328e-10	4.88675166167419e-20	3.86944833475e-15	4.85955094938137e-12	0	0.0788616317190051	0.000254231283024488	0.00945483304433104	9.27775347334096e-08	2.42234015222904e-11	0.0182814160107359	0.888057601683153	0.0046917388694225	0.983065730449932
"GLU(mmol/L)"	0.0518674552477974	0.442285606820161	0.10076815863846	0.0201212945029577	0.0293284822124989	0.0659837340919183	0.0598614058737373	0.0165197939665324	0.0788616317190051	0	0.134972737921312	0.220087834750234	1.44904783995422e-10	2.77086753533393e-08	0.343638030169117	0.447415075908506	0.804892631245916	0.527300879009095
"LEP(ng/mL)"	0.00889214707597609	0.011227293977638	0.0018095032644107	0.00102082552408361	0.000525380705702289	9.21149947340501e-05	6.98099047030488e-05	0.00172278696606156	0.000254231283024488	0.134972737921312	0	0.801695182600219	0.00799746930604405	0.000293304699225049	0.0356676742470736	0.758152065020751	0.121452482978861	0.901261004367373
"FFA£¨umol/L)"	0.0307277021248582	0.00616451107304658	0.00975182227289123	0.00816345769948109	0.022991062190135	0.00179566246314039	0.010755787732723	0.0143362259603711	0.00945483304433104	0.220087834750234	0.801695182600219	0	0.625795192307651	0.325581527028241	0.432504128194643	0.604502164649385	0.796683008672995	0.0651800173127803
"QUICKI"	9.77540359862874e-07	0.000374599499497372	5.41784590692061e-06	8.87172416198696e-09	6.63965509888965e-07	7.43085279887849e-07	9.72591096075261e-07	4.18691597205289e-08	9.27775347334096e-08	1.44904783995422e-10	0.00799746930604405	0.625795192307651	0	1.00254613689377e-17	0.0605030438009805	0.800952219885461	0.0969572123695601	0.705710536572761
"HOMA-IR"	3.56232466978943e-07	1.8352578377027e-05	5.61123695836617e-09	3.51812963573028e-12	1.83840537435619e-08	1.99047648508322e-10	1.32348923425824e-09	2.346305998568e-09	2.42234015222904e-11	2.77086753533393e-08	0.000293304699225049	0.325581527028241	1.00254613689377e-17	0	0.0319810720130599	0.533420504780422	0.0237135652746493	0.597089840507135
"TC£¨mmol/L)"	0.031137136486325	0.0362973392535923	0.0424200000733074	0.0465242987020379	0.00324259854011838	0.102279821739794	0.0277562100200343	0.00429958696044986	0.0182814160107359	0.343638030169117	0.0356676742470736	0.432504128194643	0.0605030438009805	0.0319810720130599	0	0.612843207283917	0.156745975201391	0.890977199115722
"TG£¨mmol/L)"	0.599730095203606	0.570565657703304	0.639066030554349	0.987817900204436	0.98034387848843	0.754027968124896	0.40214024842659	0.396515637759466	0.888057601683153	0.447415075908506	0.758152065020751	0.604502164649385	0.800952219885461	0.533420504780422	0.612843207283917	0	0.975737369922135	0.328576165145943
"LDL£¨mmol/L)"	0.0300380624471724	0.0484306323925935	0.0720280255019183	0.00913188056044402	0.00536937390974608	0.0076945136793029	0.0262754799066741	0.064810990716111	0.0046917388694225	0.804892631245916	0.121452482978861	0.796683008672995	0.0969572123695601	0.0237135652746493	0.156745975201391	0.975737369922135	0	0.550403641113342
"HDL£¨mmol/L)"	0.491598344821099	0.824529948391229	0.607825740481997	0.838870388458645	0.691479361021802	0.753887859730975	0.537979885569497	0.681615256058478	0.983065730449932	0.527300879009095	0.901261004367373	0.0651800173127803	0.705710536572761	0.597089840507135	0.890977199115722	0.328576165145943	0.550403641113342	0
