"PC1"	"PC2"	"PC3"	"PC4"	"PC5"	"PC6"	"PC7"	"PC8"	"PC9"	"PC10"	"PC11"	"PC12"	"PC13"	"PC14"
"Lipids"	-0.0782640116247182	-0.396904731808419	0.225410146942243	0.864069682749185	-0.107411366600763	0.0942686559788092	-0.100720798751251	0.0289194131417383	-0.0359351037193632	0.00239650499275056	0.0639338147631108	-0.0273453946292122	-0.00738198399139804	0.0363807991707622
"Acylcarnitine"	-0.866113711652043	0.220714547996197	0.108881504919057	0.0540611940964419	0.312618976342015	-0.000726433056599328	0.0522992431414032	-0.129242444073358	0.0708592846813168	0.0157883026392139	-0.00778662660330769	0.21251176064517	0.133817113070784	0.0280205508601555
"Free"	-0.303138222553455	-0.635906287275508	0.41255912065953	-0.458015008547992	-0.188208400167376	-0.0824198116194712	-0.0452644428193448	0.137617146645104	-0.0207073419347255	-0.00955977467285802	-0.00375217265357431	-0.205592033477563	-0.127623721479004	-0.0381405171121628
"Bile"	0.0223971092976943	0.605575518509271	0.658525720592122	0.0517549225285998	-0.340685861895884	-0.0471414527635436	-0.0387356152097512	0.104814624722356	-0.0926232088781812	-0.0299673040287813	0.0194712539411925	-0.189150044452155	-0.139654886800809	-0.0229952842332704
"Neurotransmitter"	-0.0105903130964992	0.012439787330563	-0.00698009869391773	0.017735752969626	0.0263722054236047	0.0504015014686455	0.0683956884555771	-0.265156662128119	0.0701855511079275	0.0706923409537837	0.165291702026925	-0.588052894915467	0.561995674157515	-0.471442337519709
"Amino"	-0.369688940047092	0.0980698579955059	-0.548113805106274	0.0695254865277939	-0.685773102516967	-0.123915309535943	-0.0290876709101427	0.0736962610953563	-0.0201702577115943	-0.00639814270285674	0.0176016460552369	-0.175765323548547	-0.153339319398687	-0.0369983926301927
"Organic"	-0.0624611057315529	0.000147946167695496	-0.0867328285942215	0.0114073971733737	0.188965473989568	0.0452341247513459	0.38964914638711	0.110384686731573	-0.804060969272118	0.0144889190822211	0.287607804785712	-0.18770724586504	-0.1078693934764	0.10182596286554
"Carbohydrates"	-0.0935625980218772	0.0832837090585654	-0.10450546030132	-0.0642702964779851	0.141146143821013	0.801538890857331	-0.280063575064471	0.366530497353779	0.0962314567762096	-0.0505816956014858	0.0365383625368673	-0.236789813364561	-0.156270320533333	-0.021139556314162
"Amines"	-0.0182716952104697	-0.0238131080273703	-0.00471011417261567	0.0604503104202979	0.0701367567071229	0.117331506422707	0.0939658241349488	-0.3233789671906	-0.194464424362216	-0.175599593772282	-0.570002927383968	0.00568706563396181	-0.416342960878936	-0.544430441449201
"Indoles"	0.0127931639050026	-0.00190354042656638	0.00487155197287273	0.0190273046993764	0.103919018312699	0.0150688263570341	0.253685737854516	-0.371874700585	0.400221344298572	-0.0317173582564352	0.53358979558232	-0.155090537141336	-0.561638345226307	0.0195338678128969
"Phenols"	-0.0207950644925915	0.0461232173300802	-0.0638157058703887	0.147799759475857	0.297972888421419	-0.333974528427155	0.294026877057281	0.541011802275303	0.276047709048728	0.312111047873108	-0.275556033203733	-0.329191238966518	-0.169756126704495	-0.0729370462586695
"Purines"	-0.02432512293158	0.053207063984866	-0.0844348345091243	0.0084112104181988	0.278322176579361	-0.323740375924622	-0.740586266361663	-0.194392082272624	-0.20689542731318	0.207391348675559	0.028745034784036	-0.281962361295077	-0.214939984178805	0.0922215055424769
"Pyridines"	-0.0149695156450514	-0.00289979604107938	-0.00992490477998164	0.0155052606036009	0.0194883818560092	0.067067847817105	0.153156537507107	-0.274881337147848	0.0696026564151956	-0.317142665997388	-0.409363913848442	-0.440559276535082	0.0795393119318357	0.649701645057525
"Peptides"	-0.0120083842556103	0.0201773309928725	-0.0566249448860152	0.0492269421478338	0.174020946125221	-0.291295127340707	-0.127365179727642	0.285237346680563	0.0415483902550176	-0.847409948727163	0.172674652558118	-0.0446602376111922	0.0267758790558614	-0.169536762563462
