"PC1"	"PC2"	"PC3"	"PC4"	"PC5"	"PC6"	"PC7"	"PC8"	"PC9"	"PC10"	"PC11"	"PC12"	"PC13"	"PC14"
"Lipids"	-0.148975096436811	-0.417495804491401	0.34196546394103	-0.181581350367227	0.529792226438761	-0.186868175111668	0.15337926664454	-0.176281424505109	0.151595124902952	-0.327557965266545	0.126908841123625	-0.105836349993743	0.35427696493939	0.017233487509859
"Acylcarnitine"	-0.363190176071027	-0.0385761652535314	-0.207546950493597	0.0258662069820465	0.147667112664942	0.0704008253328161	0.165091748602408	0.201163269143001	-0.100112961815685	0.00166411237219155	0.0785470223248554	-0.152286332538689	-0.129028003771104	-0.819964522118438
"Free"	-0.259528901677219	-0.377048699255894	-0.126949661778769	-0.226432671507786	0.0576861116753183	0.0144023499620266	0.363828054219285	0.51666999259966	-0.106130289874874	0.24648716727882	-0.0390024149268413	0.3195553802822	-0.160110284568813	0.344884780837013
"Bile"	0.0926113770376449	0.158670329428117	-0.484410254494158	0.410265109010889	0.64716524414503	-0.0908106685950562	-0.138679639651563	0.159916662021179	-0.125706047486411	-0.00405845654507158	-0.0986785669628295	-0.107885091224398	0.0700665495586124	0.222028912009502
"Neurotransmitter"	-0.256029070003249	-0.0195095217099216	0.00560281819720503	0.550401598786021	-0.0899136046929184	-0.175850566004912	0.37357669980413	-0.241237446992985	0.517688346315286	0.0437845443176082	-0.276424678887578	0.181398129706795	-0.122382660868578	0.0109789591650678
"Amino"	-0.362435706983339	0.0473151367546713	-0.127505285270353	-0.0576551513521609	-0.115133634726092	0.156941781284024	0.0753131426378883	-0.0438677584527109	0.159106903586239	-0.0902589305390283	0.246685979333098	-0.707598977854297	-0.271602636322537	0.364083831577806
"Organic"	-0.359208744513327	0.0405889868211872	-0.0146649537837067	-0.0618047889401663	-0.105216596970756	0.231633306138391	0.0082292110649404	-0.132076572691897	-0.239097138749777	0.243013703832664	-0.56192967985602	-0.194935401465299	0.556949192570325	0.0535721615021469
"Carbohydrates"	-0.330153067641046	0.0755555839362381	-0.276305138192786	0.0654504128996498	-0.162511379954356	0.231018165602511	-0.0194494343696724	-0.141054741857006	-0.218998353013646	-0.667021177159624	0.143590996495622	0.410791028710245	0.0962767115891968	0.114427179604198
"Amines"	-0.290422927289643	-0.281698774336395	0.22584224211796	0.126528560800933	0.0401455694942448	-0.290162111776407	-0.434522536405748	-0.203256333339453	-0.406460240456652	-0.0043677560452236	-0.240606330045805	0.00148824719395768	-0.478529428900966	0.0352760491547029
"Indoles"	0.178574063864131	-0.0414370852101774	0.469115778982411	0.523854070473205	-0.106049496175252	0.195881989222472	0.299436398951124	0.329023930305916	-0.37756937178803	-0.197441272326484	0.0321286274912074	-0.195851874296849	0.0451045770054719	0.037417944945701
"Phenols"	-0.206650830621783	0.389132553803547	0.328148275488542	-0.00624046371606661	0.391383856159094	0.400481068750962	0.105659843734169	-0.286975456821022	-0.10930018570755	0.342155117860846	0.259500715676801	0.248337146774403	-0.169671539598275	0.0651819335872795
"Purines"	-0.226953940717227	0.434135369439965	0.0512883049654245	-0.0350231724657415	-0.13439170866543	-0.708778725296934	0.1998136720741	0.046019318071855	-0.262067366192828	0.0888401732945027	0.266240735371603	-0.00477603546253596	0.206855028177097	0.0584958101142128
"Pyridines"	-0.296472629440849	-0.175563744991466	0.103454594355246	0.325860397693347	-0.125312632842606	0.0606841941250087	-0.524940682725109	0.270187331163124	0.240033655395043	0.243825457465497	0.405668907449896	0.100052052839926	0.323641198963049	0.0074462772943214
"Peptides"	-0.191525069121288	0.441701435880874	0.32291922748893	-0.185788009832337	0.129381282753302	-0.00968163155796743	-0.216367236305879	0.481074488024925	0.308992175940346	-0.307373153408624	-0.362080489205251	0.0379117030179158	-0.108360365620769	0.0103593490500278
