id	Glyma.01G000100	Glyma.01G000137	Glyma.01G000174	Glyma.01G000211	Glyma.01G000248	Glyma.01G000285	Glyma.01G000322	Glyma.01G000359
Glyma.01G000211	1	0.870903393	0.77699147	0.703033855	0.685390928	0.553866818	0.681460679	0.499230079
Glyma.01G000137	0.870903393	1	0.869742347	0.769772872	0.769368724	0.635470403	0.692115815	0.535268368
Glyma.01G000174	0.77699147	0.869742347	1	0.763524871	0.839543794	0.748373638	0.789879895	0.483148795
Glyma.01G000211	0.703033855	0.769772872	0.763524871	1	0.841597011	0.731540835	0.802448023	0.166252708
Glyma.01G000248	0.685390928	0.769368724	0.839543794	0.841597011	1	0.705581193	0.86464887	0.253223918
Glyma.01G000285	0.553866818	0.635470403	0.748373638	0.731540835	0.705581193	1	0.738095606	0.411498346
Glyma.01G000322	0.681460679	0.692115815	0.789879895	0.802448023	0.86464887	0.738095606	1	0.227285268
Glyma.01G000359	0.499230079	0.535268368	0.483148795	0.166252708	0.253223918	0.411498346	0.227285268	1
