""	"PC1"	"PC2"	"PC3"	"PC4"	"PC5"	"PC6"	"PC7"	"PC8"	"PC9"	"PC10"	"PC11"	"PC12"	"PC13"	"PC14"
"Lipids"	-0.148975096436811	-0.417495804491401	0.341965463941027	-0.181581350367233	0.529792226438761	-0.186868175111669	0.15337926664454	-0.17628142450511	0.151595124902952	-0.327557965266546	0.126908841123624	-0.105836349993743	0.354276964939391	0.0172334875098593
"Acylcarnitine"	-0.363190176071027	-0.0385761652535314	-0.207546950493597	0.0258662069820506	0.147667112664943	0.0704008253328142	0.165091748602407	0.201163269143002	-0.100112961815685	0.001664112372191	0.0785470223248554	-0.152286332538689	-0.129028003771103	-0.819964522118438
"Free"	-0.259528901677219	-0.377048699255894	-0.126949661778774	-0.226432671507783	0.057686111675319	0.0144023499620227	0.363828054219282	0.516669992599661	-0.106130289874875	0.24648716727882	-0.0390024149268409	0.319555380282199	-0.160110284568813	0.344884780837013
"Bile"	0.0926113770376449	0.158670329428116	-0.484410254494149	0.4102651090109	0.647165244145031	-0.0908106685950548	-0.138679639651566	0.159916662021178	-0.12570604748641	-0.00405845654507189	-0.0986785669628295	-0.107885091224397	0.070066549558612	0.222028912009502
"Neurotransmitter"	-0.25602907000325	-0.0195095217099214	0.00560281819721619	0.550401598786021	-0.0899136046929188	-0.175850566004915	0.373576699804131	-0.241237446992983	0.517688346315286	0.0437845443176102	-0.276424678887577	0.181398129706795	-0.122382660868578	0.0109789591650677
"Amino"	-0.362435706983339	0.0473151367546716	-0.127505285270354	-0.0576551513521585	-0.115133634726092	0.156941781284023	0.07531314263789	-0.0438677584527113	0.159106903586239	-0.0902589305390287	0.246685979333099	-0.707598977854297	-0.271602636322537	0.364083831577806
"Organic"	-0.359208744513327	0.0405889868211876	-0.0146649537837081	-0.0618047889401659	-0.105216596970756	0.231633306138393	0.00822921106494238	-0.132076572691896	-0.239097138749776	0.243013703832665	-0.561929679856019	-0.1949354014653	0.556949192570325	0.0535721615021469
"Carbohydrates"	-0.330153067641046	0.0755555839362387	-0.276305138192784	0.0654504128996551	-0.162511379954357	0.231018165602512	-0.0194494343696697	-0.141054741857005	-0.218998353013644	-0.667021177159624	0.143590996495621	0.410791028710245	0.0962767115891964	0.114427179604198
"Amines"	-0.290422927289643	-0.281698774336395	0.225842242117963	0.126528560800929	0.0401455694942446	-0.290162111776402	-0.434522536405749	-0.203256333339455	-0.406460240456651	-0.00436775604522385	-0.240606330045807	0.00148824719395743	-0.478529428900966	0.0352760491547029
"Indoles"	0.178574063864131	-0.0414370852101774	0.469115778982422	0.523854070473195	-0.106049496175252	0.195881989222469	0.299436398951123	0.329023930305918	-0.37756937178803	-0.197441272326485	0.0321286274912077	-0.195851874296849	0.0451045770054722	0.0374179449457012
"Phenols"	-0.206650830621782	0.389132553803547	0.328148275488542	-0.00624046371607283	0.391383856159094	0.400481068750962	0.105659843734174	-0.286975456821021	-0.109300185707551	0.342155117860846	0.259500715676801	0.248337146774402	-0.169671539598275	0.0651819335872792
"Purines"	-0.226953940717228	0.434135369439965	0.0512883049654237	-0.0350231724657425	-0.13439170866543	-0.708778725296936	0.199813672074094	0.0460193180718547	-0.262067366192829	0.0888401732945027	0.266240735371602	-0.00477603546253575	0.206855028177097	0.0584958101142131
"Pyridines"	-0.296472629440848	-0.175563744991466	0.103454594355253	0.325860397693344	-0.125312632842606	0.0606841941250125	-0.52494068272511	0.270187331163121	0.240033655395043	0.243825457465496	0.405668907449897	0.100052052839926	0.323641198963048	0.0074462772943214
"Peptides"	-0.191525069121288	0.441701435880874	0.322919227488926	-0.185788009832344	0.129381282753302	-0.00968163155796636	-0.216367236305881	0.481074488024923	0.308992175940347	-0.307373153408623	-0.36208048920525	0.0379117030179157	-0.108360365620769	0.010359349050028
